-5,0
-4,-4
-4,-3
-5,-2
-5,-2
-4,-2
-6,-3
-6,-2
-5,1
-1,-2
2,-2
-3,-2
7,-1
-3,-1
-2,-1
-4,-1
-43,-1
1,-2
9,-2
0,-1
23,-3
-3,-1
0,-1
-1,-1
25,-2
-5,-1
-5,-1
-3,-1
-4,-1
-3,-1
-2,-1
-2,-1
-7,-2
-3,-2
-3,-2
-3,-1
0,-1
-2,-1
7,1
4,0
-101,-24
-8,-3
-16,-5
-1,0
-105,-27
-14,-4
-55,-15
-24,-7
217,47
-4,0
-19,0
-9,-1
-94,-9
-6,-3
-51,-11
-29,-6
-3,41
23,3
39,5
1,-1
45,11
-1,-1
-11,-2
-11,-3
-5,16
8,0
9,1
-3,-1
-61,-11
-6,-3
-57,-16
-37,-11
-13,61
41,7
80,15
4,-1
175,55
12,4
35,16
3,4
-517,-96
50,6
132,17
30,4
289,42
-6,-1
39,6
15,1
345,60
-26,-4
-35,-5
-6,-2
-2,2
-2,0
-1,-1
-3,-1
62,19
-1,0
0,0
-1,-1
-7,-4
-5,-2
-27,-12
-19,-8
199,91
9,4
20,9
-4,-2
130,62
12,6
54,25
21,10
-48,-47
-23,-7
-60,-16
-17,-5
-183,-43
3,1
-33,-5
-20,-4
-547,-153
45,12
81,21
10,3
37,9
-1,-1
-15,-4
-12,-4
-249,-72
21,5
19,5
-6,-3
-155,-47
2,0
-69,-22
-47,-16
-1028,-316
116,37
226,73
33,10
154,54
2,0
-58,-19
-59,-20
-1883,-645
259,89
668,231
154,53
1508,534
-21,-8
232,84
110,40
2000,737
-168,-63
-249,-94
-30,-11
-93,-37
-2,-1
21,8
14,6
288,112
-24,-10
-19,-8
3,1
91,39
-1,0
34,18
19,11
50,-16
-17,-10
-18,-13
3,1
-108,-87
-15,-11
-83,-58
-49,-30
-538,-179
125,59
350,163
86,41
922,426
-20,-12
135,53
67,26
1903,982
-146,-69
-233,-110
-33,-17
-71,-24
-1,0
22,10
15,5
528,294
-36,-18
-29,-13
6,3
202,102
-11,-7
48,15
31,9
1357,814
-108,-57
-195,-101
-34,-19
-18,26
7,7
78,57
51,34
1127,628
-158,-93
-374,-220
-81,-48
-722,-430
8,5
-97,-58
-44,-27
-687,-417
52,33
72,45
6,5
23,15
-1,0
-6,-3
-4,-2
-44,-28
2,2
0,0
-1,-1
-4,-2
0,0
10,11
7,9
-126,-136
-9,-9
-20,-21
1,2
-149,-165
-17,-19
-82,-91
-36,-39
180,239
21,20
52,43
11,8
112,72
-10,-10
-19,-34
-11,-19
559,531
-20,-10
-33,-17
-8,-7
21,37
0,1
0,-3
-3,-6
196,196
-6,-3
-4,0
1,1
37,22
-7,-9
-18,-33
-10,-20
557,588
-20,-11
-36,-19
-11,-10
78,122
9,13
46,58
22,25
263,199
-44,-40
-101,-90
-22,-19
-186,-168
2,1
-24,-22
-11,-10
-157,-146
11,9
13,11
1,0
-2,-5
-1,-1
0,1
1,3
-34,-53
-3,-4
-4,-6
0,0
19,29
5,8
57,91
41,67
-534,-880
-35,-56
-76,-125
7,12
-564,-949
-64,-107
-293,-497
-124,-211
848,1522
46,70
78,108
10,11
36,-23
-26,-46
-142,-273
-79,-152
1156,1927
14,44
22,69
-10,-14
149,294
5,11
-20,-42
-26,-53
441,791
9,23
15,36
1,0
-37,-108
-26,-50
-172,-361
-108,-228
1551,3006
43,110
85,219
-18,-31
692,1498
66,143
270,577
99,208
-299,-896
-51,-81
-96,-139
-19,-24
-149,-184
3,7
-22,-30
-17,-30
-28,89
20,36
33,63
0,-1
70,168
2,6
-14,-33
-17,-42
210,540
11,28
16,41
-1,-2
-69,-179
-22,-58
-182,-485
-123,-329
1463,3975
81,223
169,471
-15,-42
1095,3092
112,320
482,1391
187,545
-1361,-3979
-42,-125
-39,-122
2,5
119,340
23,75
162,503
82,261
-712,-2317
-34,-105
-50,-156
2,7
-110,-360
-4,-12
13,47
15,51
-172,-600
-8,-27
-9,-33
0,0
23,96
7,29
54,209
30,121
-398,-1413
-9,-49
-13,-83
4,13
-115,-488
-11,-44
-43,-162
-17,-59
-130,-130
28,63
75,157
18,37
182,381
-3,-7
30,65
14,33
280,605
-24,-53
-37,-80
-5,-11
-12,-19
-1,0
2,3
1,-1
67,207
-3,-4
-2,0
0,0
10,-1
-3,-15
-17,-117
-14,-87
218,1254
8,64
22,152
-2,-13
162,1103
16,117
69,521
24,204
-380,-2057
19,17
69,152
20,56
234,743
1,26
67,357
35,189
276,-51
-43,-160
-68,-255
-7,-18
-45,-280
-1,-8
9,50
7,48
84,-17
-11,-47
-10,-48
1,6
60,253
0,16
30,227
18,139
237,-7
-34,-157
-62,-289
-8,-22
-52,-573
-3,-42
5,-107
8,-9
326,1474
-41,-149
-99,-372
-22,-83
-192,-762
2,8
-26,-103
-12,-44
-185,-799
13,57
19,77
1,9
5,16
0,0
-2,-5
-1,-3
-11,-53
0,3
0,2
0,-1
-2,-17
-1,-4
0,-36
0,-28
-16,377
-2,23
-3,55
0,-6
-23,430
-3,47
-14,220
-7,89
26,-830
5,-3
12,40
3,19
27,285
-2,13
-4,164
-2,88
125,-96
-5,-75
-7,-123
-2,-9
5,-142
0,-4
-1,25
-2,25
44,0
-1,-26
0,-26
0,3
6,143
-2,9
-6,122
-4,75
126,96
-2,-90
-3,-164
-2,-14
28,-285
3,-19
12,-41
5,3
27,829
-6,-90
-14,-220
-2,-48
-22,-430
1,5
-3,-56
-1,-23
-15,-378
1,28
1,36
0,3
-2,16
0,1
1,-4
1,-4
-11,52
-1,2
-1,4
0,0
6,-17
2,-9
19,-78
14,-57
-185,798
-11,44
-26,103
3,-9
-192,761
-22,82
-99,372
-40,149
326,-1475
9,8
6,106
-2,42
-52,573
-8,21
-61,288
-33,156
239,6
19,-140
31,-227
1,-17
60,-254
2,-7
-9,48
-11,46
84,17
8,-49
10,-50
0,7
-45,279
-7,17
-67,253
-43,159
276,50
35,-190
68,-358
1,-28
234,-743
20,-57
70,-152
20,-18
-379,2056
25,-205
70,-522
17,-118
163,-1104
-1,13
23,-153
9,-65
219,-1256
-12,86
-17,116
-3,14
9,1
0,-1
-1,-1
-3,4
68,-208
2,0
3,-5
0,-1
-11,18
-5,10
-36,79
-24,52
280,-607
15,-33
31,-66
-2,5
182,-381
18,-38
76,-159
29,-64
-129,129
-17,58
-41,161
-10,42
-115,487
4,-13
-13,82
-9,49
-397,1412
31,-122
55,-210
8,-30
25,-97
0,-1
-9,32
-7,25
-172,599
15,-53
14,-47
-3,11
-108,359
2,-8
-49,155
-34,104
-711,2316
84,-261
163,-503
25,-75
120,-341
3,-6
-38,121
-41,124
-1361,3977
188,-546
484,-1393
113,-321
1096,-3093
-15,41
171,-472
81,-223
1464,-3976
-122,328
-182,484
-21,57
-68,177
0,1
16,-42
12,-29
210,-541
-17,41
-13,32
3,-7
71,-169
0,1
33,-65
21,-37
-27,-90
-16,28
-22,29
4,-7
-147,183
-17,23
-96,138
-50,80
-298,894
100,-209
271,-578
67,-144
693,-1499
-18,30
86,-219
43,-111
1552,-3007
-106,227
-171,360
-25,49
-37,107
1,-1
16,-37
10,-24
441,-791
-26,51
-19,41
6,-11
150,-295
-9,12
23,-70
15,-45
1156,-1928
-78,150
-141,272
-26,45
37,22
11,-12
79,-109
47,-72
848,-1523
-123,210
-291,496
-63,106
-563,947
7,-12
-75,124
-33,54
-533,877
42,-68
58,-92
6,-10
21,-31
0,0
-4,5
-2,3
-34,52
3,-4
1,-2
0,0
-1,3
2,-2
14,-13
11,-10
-157,144
-10,9
-23,21
2,-2
-185,166
-21,18
-100,90
-44,39
264,-200
22,-25
47,-58
9,-14
78,-123
-10,10
-36,19
-19,10
558,-588
-10,19
-17,33
-6,7
38,-23
2,-1
-3,-1
-5,1
196,-196
-2,5
0,2
1,-1
22,-37
-7,6
-32,17
-18,10
560,-531
-10,19
-17,33
-9,9
114,-73
12,-8
54,-43
23,-20
181,-239
-35,39
-81,90
-17,19
-147,164
2,-2
-19,21
-8,8
-124,135
8,-10
11,-12
1,-1
-3,1
0,0
1,-1
3,-2
-43,28
-2,2
-4,3
0,0
24,-16
7,-5
72,-46
54,-33
-685,416
-42,26
-96,58
10,-6
-721,428
-80,47
-373,219
-157,92
1129,-629
53,-35
80,-57
8,-8
-16,-26
-32,18
-194,100
-107,55
1358,-815
32,-11
49,-16
-9,7
203,-103
8,-4
-27,13
-34,16
529,-295
15,-6
24,-11
1,-1
-69,24
-32,15
-231,109
-145,68
1904,-982
70,-28
137,-54
-19,11
923,-427
88,-41
352,-165
126,-60
-537,178
-48,29
-82,57
-13,10
-107,86
4,-2
-17,13
-17,9
52,15
21,-12
36,-19
0,0
93,-40
4,-2
-18,7
-23,9
290,-113
16,-7
22,-9
-1,0
-92,35
-29,11
-247,92
-166,62
2001,-737
112,-41
234,-85
-20,7
1509,-535
155,-55
669,-233
260,-90
-1881,643
-58,20
-56,18
3,-2
156,-55
34,-11
227,-73
117,-38
-1027,315
-46,14
-67,21
3,-2
-154,46
-4,1
20,-6
22,-7
-248,71
-11,3
-13,4
0,0
39,-9
12,-3
83,-22
47,-12
-545,153
-18,4
-31,5
6,-1
-181,43
-15,4
-59,15
-21,6
-46,46
22,-10
56,-27
14,-7
131,-63
-2,1
22,-10
11,-5
201,-93
-17,8
-25,12
-3,1
-6,3
0,0
1,-1
1,-1
64,-21
-1,1
0,0
1,0
0,-3
-4,1
-33,5
-24,3
347,-61
18,-2
41,-7
-3,0
291,-43
31,-5
135,-18
53,-7
-515,94
4,-5
38,-17
14,-5
176,-55
7,-1
83,-16
44,-8
-11,-63
-35,9
-55,14
-3,1
-58,10
-1,0
10,-2
10,-1
-3,-17
-9,3
-9,2
1,-1
48,-11
3,-1
41,-5
25,-3
-1,-42
-27,6
-48,11
-3,1
-91,9
-7,0
-16,-1
-1,-1
219,-48
-21,5
-53,14
-12,3
-103,26
2,-1
-13,3
-5,1
-98,22
7,-2
10,-3
1,-1
2,-1
0,0
0,0
0,0
-5,1
0,0
1,0
0,-1
-1,0
0,0
-3,0
-2,-1
28,1
2,0
4,0
1,0
26,1
3,0
13,0
5,0
-41,-2
0,0
2,-1
1,0
10,-1
1,0
6,0
2,0
-2,-4
-2,0
-2,0
0,0
-2,0
0,0
0,0
0,0
